.
..
fb
fs
bus
dma
irq
mpt
net
sys
tty
acpi
keys
kmsg
misc
mtrr
scsi
stat
iomem
kcore
locks
swaps
asound
crypto
driver
mdstat
mounts
uptime
vmstat
cgroups
cmdline
cpuinfo
devices
ioports
loadavg
meminfo
modules
sysvipc
version
consoles
kallsyms
slabinfo
softirqs
zoneinfo
buddyinfo
diskstats
key-users
schedstat
interrupts
kpagecount
kpageflags
partitions
timer_list
execdomains
filesystems
sched_debug
timer_stats
vmallocinfo
pagetypeinfo
sysrq-trigger
self
1
2
4
6
7
8
9
10
11
13
14
15
16
17
18
19
20
21
22
23
24
30
31
32
33
41
43
44
45
47
60
95
277
278
279
282
286
287
291
292
293
294
297
298
372
373
383
384
396
397
398
399
400
401
402
403
404
405
406
407
489
513
527
610
613
615
617
619
621
623
624
663
665
667
669
670
692
693
694
695
696
698
699
702
703
705
706
719
720
721
727
729
736
742
747
752
766
779
849
1157
1159
1160
1162
1169
1178
1179
1181
1549
1555
1644
1673
1689
1690
2171
2820
2823
2828
2931
8895
8906
8917
8930
8931
8958
8962
8967
9049
9067
9072
9078
9104
9114
9129
9133
9138
9141
9150
9151
9167
9169
9182
9183
9185
9197
9211
9214
9225
9233
9263
9264
9268
9271
9280
9283
9291
9294
9295
9300
9311
9313
9316
9319
9324
9325
9329
9336
9337
9367
9390
9398
9401
9422
9423
9424
9428
9432
9433
9454
9459
9463
9465
9469
9471
9502
9547
9645
9648
9923
10082
10094
10170
10547
10556
10612
10618
10679
10826
11672
12074
12114
12213
12229
12502
12524
12673
12730
12731
12810
